0 0.499820 0.556868 0.065250 0.073042
0 0.722699 0.548438 0.064523 0.070153
0 0.245445 0.431132 0.043422 0.026986
0 0.253844 0.459562 0.035500 0.032125
0 0.327539 0.418708 0.028844 0.027056
0 0.385578 0.424694 0.017125 0.018000
0 0.365285 0.437049 0.036133 0.030486
0 0.430051 0.419618 0.032914 0.034042
0 0.517449 0.438361 0.049586 0.043667
0 0.248813 0.517569 0.047672 0.074972
0 0.837512 0.548340 0.082133 0.052792
0 0.972367 0.719396 0.055266 0.108153
0 0.839027 0.618604 0.091758 0.080875
0 0.532348 0.674667 0.070008 0.105194
0 0.491508 0.462472 0.038531 0.040222
0 0.626020 0.499549 0.052102 0.053181
0 0.447813 0.457743 0.046500 0.048264
0 0.440617 0.581764 0.052109 0.067083
0 0.342871 0.543014 0.040086 0.067778
0 0.350867 0.471014 0.038672 0.053889
0 0.596121 0.528715 0.046930 0.060597
0 0.292371 0.600868 0.076305 0.169514
0 0.176031 0.389972 0.021875 0.015778
0 0.202023 0.400396 0.022500 0.015208
0 0.218027 0.400958 0.011414 0.017472
0 0.288551 0.403215 0.023773 0.024236
