0 0.232266 0.398924 0.020781 0.022403
0 0.853082 0.942514 0.107055 0.108250
0 0.432773 0.898569 0.104922 0.202861
0 0.336836 0.429208 0.025859 0.023972
0 0.343633 0.407181 0.022891 0.021694
0 0.507133 0.464465 0.040359 0.037986
0 0.874926 0.697778 0.079148 0.081972
0 0.273965 0.839493 0.085648 0.135764
0 0.668086 0.521965 0.043828 0.044931
0 0.382117 0.624201 0.050766 0.077236
0 0.239656 0.521167 0.040266 0.063167
0 0.307414 0.529340 0.047016 0.072653
0 0.639145 0.561507 0.038602 0.050625
0 0.985582 0.636264 0.028383 0.087583
0 0.830715 0.612056 0.071617 0.062139
0 0.423809 0.421687 0.037070 0.034153
0 0.346664 0.494556 0.042922 0.044333
0 0.294578 0.465208 0.040703 0.044333
0 0.191863 0.475687 0.017211 0.029736
0 0.190859 0.445132 0.027969 0.029736
0 0.177578 0.418917 0.023906 0.036667
0 0.562508 0.486563 0.044359 0.040486
0 0.570949 0.448389 0.046570 0.030639
0 0.188797 0.395701 0.024906 0.024347
0 0.253785 0.401840 0.024930 0.034097
0 0.597375 0.643944 0.073609 0.093444
