0 0.650879 0.573160 0.051320 0.038792
0 0.628617 0.510549 0.052250 0.047597
0 0.703902 0.503556 0.056852 0.056694
0 0.920125 0.651618 0.100234 0.102764
0 0.766156 0.642278 0.077375 0.085111
0 0.498109 0.628722 0.066484 0.102194
0 0.597602 0.826569 0.094047 0.139778
0 0.369398 0.587653 0.046719 0.076750
0 0.443539 0.502944 0.049437 0.066778
0 0.401004 0.677424 0.060992 0.114903
0 0.466328 0.452847 0.036094 0.038472
0 0.876742 0.931986 0.154641 0.136028
0 0.345242 0.402708 0.037641 0.016250
0 0.426875 0.433403 0.025625 0.029028
0 0.544449 0.501153 0.044727 0.050056
0 0.471602 0.420236 0.028453 0.025528
0 0.173926 0.396694 0.017602 0.014333
0 0.189250 0.393556 0.013969 0.016833
0 0.217898 0.406819 0.021547 0.017250
0 0.239680 0.404083 0.017281 0.017667
0 0.263828 0.414819 0.021078 0.022306
0 0.296387 0.418785 0.030305 0.029514
0 0.346020 0.423660 0.035195 0.022597
0 0.200039 0.448201 0.017531 0.033597
0 0.251539 0.448681 0.036156 0.030694
0 0.257145 0.482569 0.036961 0.033194
0 0.406828 0.437625 0.012703 0.022500
0 0.530852 0.451021 0.027516 0.029542
0 0.550477 0.461972 0.040250 0.027000
0 0.404473 0.415312 0.034492 0.027708
0 0.332867 0.485424 0.041812 0.039764
0 0.381457 0.482819 0.041445 0.031944
0 0.376324 0.523215 0.045102 0.045042
0 0.533430 0.582146 0.056234 0.058569
0 0.665805 0.965271 0.100578 0.069458
0 0.241578 0.920792 0.098938 0.158417
0 0.657918 0.699174 0.088586 0.113542
0 0.308668 0.521285 0.039961 0.057486
