0 0.330336 0.534083 0.046516 0.073722
0 0.476270 0.632667 0.059898 0.081889
0 0.700043 0.537701 0.057023 0.058625
0 0.736105 0.518403 0.052773 0.050639
0 0.285625 0.625569 0.053938 0.103528
0 0.616543 0.497646 0.051570 0.059653
0 0.842543 0.615944 0.072773 0.069472
0 0.778332 0.642958 0.087617 0.117111
0 0.262273 0.898542 0.121719 0.191667
0 0.552844 0.472118 0.052297 0.055625
0 0.292566 0.503799 0.040148 0.049764
0 0.623305 0.679708 0.078016 0.101861
0 0.438078 0.582187 0.048578 0.062819
0 0.205137 0.473785 0.026133 0.029681
0 0.990824 0.642319 0.018023 0.057972
0 0.175895 0.375278 0.065789 0.065472
0 0.227934 0.408007 0.021602 0.019208
0 0.254691 0.403646 0.019148 0.024431
0 0.275070 0.411778 0.029828 0.025611
0 0.301945 0.403736 0.021922 0.021917
0 0.230645 0.443792 0.021555 0.023667
0 0.268004 0.439097 0.041086 0.026778
0 0.325258 0.448590 0.042188 0.038958
0 0.232313 0.471194 0.029312 0.029222
0 0.275457 0.465590 0.038898 0.025819
0 0.340641 0.416840 0.030812 0.022819
0 0.372801 0.440007 0.023773 0.020292
0 0.409094 0.448493 0.024719 0.026986
0 0.463137 0.452694 0.037086 0.027611
0 0.517172 0.432965 0.044375 0.028736
0 0.385414 0.481507 0.038187 0.035458
0 0.379473 0.511299 0.044133 0.060347
0 0.461367 0.523375 0.049219 0.046778
0 0.543262 0.585979 0.059398 0.076958
0 0.665730 0.471965 0.048852 0.036347
