0 0.258871 0.546056 0.041852 0.098833
0 0.565293 0.478840 0.051898 0.052153
0 0.682031 0.497563 0.052500 0.052875
0 0.800590 0.506889 0.063258 0.047667
0 0.629648 0.877861 0.126844 0.179944
0 0.474535 0.972222 0.118961 0.055556
0 0.251730 0.947694 0.109758 0.104611
0 0.373949 0.512799 0.043992 0.057875
0 0.506133 0.425910 0.103953 0.094292
0 0.321313 0.479667 0.041734 0.039278
0 0.274918 0.490139 0.038289 0.039278
0 0.390840 0.433160 0.029586 0.036042
0 0.345504 0.434618 0.026570 0.018514
0 0.363992 0.412944 0.024109 0.025806
0 0.302766 0.423417 0.022188 0.018500
0 0.283453 0.403694 0.025750 0.021917
0 0.248801 0.403208 0.024383 0.021917
0 0.221727 0.394549 0.018609 0.018264
0 0.204715 0.391611 0.014273 0.016444
0 0.778430 0.655236 0.084578 0.071583
0 0.332496 0.536979 0.043039 0.062375
0 0.301055 0.650069 0.051656 0.093056
0 0.424316 0.566549 0.052336 0.080403
0 0.821996 0.559021 0.068773 0.055764
0 0.709703 0.551840 0.060687 0.062014
0 0.571031 0.523479 0.048781 0.041403
0 0.652008 0.436826 0.124578 0.080431
0 0.180820 0.395708 0.021641 0.013028
0 0.188520 0.435153 0.034836 0.056722
0 0.955594 0.604542 0.060469 0.071000
