0 0.396125 0.691528 0.059344 0.093444
0 0.866848 0.720812 0.096039 0.097514
0 0.267316 0.539250 0.040164 0.069194
0 0.502387 0.554028 0.049195 0.056472
0 0.437676 0.443701 0.033008 0.039125
0 0.347645 0.430660 0.034102 0.019569
0 0.361582 0.416319 0.020164 0.023472
0 0.223691 0.430014 0.034836 0.020861
0 0.193617 0.431965 0.028234 0.031292
0 0.218555 0.406215 0.030438 0.024125
0 0.653836 0.517806 0.050078 0.041889
0 0.733863 0.622104 0.071680 0.058486
0 0.622605 0.550562 0.048336 0.055542
0 0.664008 0.488889 0.046516 0.032222
0 0.745027 0.561319 0.055695 0.054778
0 0.560852 0.510090 0.048672 0.048569
0 0.775328 0.533382 0.055438 0.039958
0 0.511391 0.443049 0.111484 0.127792
0 0.369602 0.512826 0.048672 0.047319
0 0.428137 0.504938 0.043258 0.048208
0 0.454098 0.960000 0.124227 0.079444
0 0.289469 0.501903 0.037484 0.041806
0 0.227262 0.470313 0.069102 0.060264
0 0.240484 0.466326 0.041906 0.049708
