0 0.271941 0.832722 0.080508 0.161889
0 0.686523 0.742688 0.090188 0.116347
0 0.497332 0.481389 0.042758 0.038750
0 0.462691 0.949444 0.114289 0.095083
0 0.762918 0.409319 0.037430 0.050444
0 0.597687 0.463993 0.031781 0.047458
0 0.479520 0.611431 0.063617 0.087861
0 0.379262 0.621021 0.058508 0.094931
0 0.239637 0.538417 0.036352 0.045444
0 0.274855 0.490951 0.037492 0.039375
0 0.309922 0.470236 0.042219 0.033167
0 0.431578 0.439486 0.035641 0.038472
0 0.397422 0.447389 0.032672 0.031722
0 0.267809 0.409083 0.020539 0.020861
0 0.241035 0.408104 0.021273 0.016292
0 0.321164 0.404514 0.019437 0.018250
0 0.193223 0.400313 0.016055 0.020069
0 0.557109 0.465632 0.050797 0.050458
0 0.326355 0.425035 0.034852 0.019514
0 0.772852 0.652861 0.078312 0.090583
0 0.965617 0.707667 0.064375 0.065278
0 0.768801 0.568944 0.067367 0.067306
0 0.635223 0.557438 0.058961 0.051931
0 0.608117 0.889674 0.110719 0.182292
0 0.814422 0.519597 0.059906 0.057917
0 0.275813 0.707993 0.062688 0.101264
