0 0.259848 0.548674 0.041805 0.053458
0 0.528711 0.726479 0.068359 0.103097
0 0.718422 0.604090 0.064609 0.080347
0 0.850078 0.562396 0.061766 0.079153
0 0.482750 0.459958 0.040453 0.051111
0 0.306184 0.413299 0.020102 0.019597
0 0.613719 0.476444 0.036594 0.034639
0 0.575605 0.480167 0.052039 0.051056
0 0.482926 0.471910 0.041492 0.029542
0 0.386320 0.626479 0.060344 0.094069
0 0.591023 0.523118 0.037328 0.045514
0 0.456922 0.587201 0.055906 0.070347
0 0.276934 0.604681 0.046836 0.076667
0 0.785410 0.561993 0.099039 0.095264
0 0.172672 0.393028 0.014516 0.018028
0 0.185820 0.388396 0.019453 0.019486
0 0.212258 0.394236 0.025203 0.027361
0 0.249238 0.396924 0.024102 0.023847
0 0.408398 0.433083 0.031797 0.030333
0 0.373824 0.443528 0.034242 0.027750
0 0.265715 0.485424 0.043273 0.037819
0 0.346031 0.493250 0.043281 0.053472
0 0.454035 0.522590 0.047305 0.049542
0 0.783277 0.425493 0.035633 0.052486
0 0.818883 0.930764 0.158172 0.138472
0 0.424211 0.936493 0.136891 0.125764
