0 0.316969 0.477125 0.043625 0.040917
0 0.616754 0.504910 0.052805 0.043708
0 0.639520 0.481771 0.038930 0.032597
0 0.825617 0.553174 0.072453 0.071042
0 0.765852 0.602361 0.068687 0.075500
0 0.559059 0.775174 0.082117 0.124764
0 0.835090 0.689382 0.090305 0.084542
0 0.485961 0.466681 0.033984 0.043111
0 0.555629 0.460847 0.035242 0.038972
0 0.282715 0.652715 0.056102 0.099875
0 0.502848 0.649896 0.069930 0.107847
0 0.245195 0.468882 0.037844 0.045958
0 0.622805 0.454368 0.050969 0.028736
0 0.969738 0.716944 0.057195 0.092222
0 0.431254 0.947340 0.124945 0.098542
0 0.352063 0.438153 0.024984 0.019639
0 0.474445 0.467375 0.056922 0.043306
0 0.232402 0.932486 0.096789 0.134528
0 0.382730 0.486549 0.044680 0.049069
0 0.324164 0.421458 0.025500 0.032444
0 0.304043 0.403354 0.026758 0.030931
0 0.274320 0.409771 0.025047 0.030181
0 0.217680 0.393556 0.010187 0.033944
0 0.199859 0.395056 0.027156 0.024889
0 0.324453 0.531306 0.047625 0.069000
0 0.262598 0.546604 0.042711 0.059347
0 0.391746 0.428194 0.030836 0.027778
