0 0.321320 0.417250 0.040016 0.034167
0 0.897281 0.460250 0.070922 0.064389
0 0.301063 0.596229 0.042797 0.074347
0 0.544289 0.733528 0.073797 0.110306
0 0.748547 0.577972 0.070609 0.064361
0 0.737738 0.492535 0.051555 0.051847
0 0.293238 0.778486 0.072430 0.150000
0 0.432641 0.569778 0.032016 0.064806
0 0.390641 0.637375 0.087469 0.196694
0 0.736523 0.794694 0.116344 0.167639
0 0.913605 0.577306 0.082945 0.086500
0 0.195012 0.388868 0.020539 0.020875
0 0.213531 0.403868 0.019437 0.015653
0 0.260754 0.411701 0.028648 0.026931
0 0.402133 0.416208 0.037391 0.034917
0 0.290973 0.439569 0.039758 0.038028
0 0.262223 0.454681 0.035883 0.028250
0 0.260199 0.484944 0.035805 0.037833
0 0.371547 0.477785 0.036156 0.042069
0 0.433406 0.508590 0.049641 0.060347
0 0.328020 0.541375 0.038570 0.062972
0 0.292254 0.506646 0.039008 0.062097
0 0.251699 0.551090 0.041086 0.049458
0 0.508844 0.566375 0.054641 0.063167
0 0.332363 0.485667 0.039648 0.045333
