0 0.446906 0.465875 0.029797 0.028167
0 0.236555 0.400431 0.025203 0.026778
0 0.264773 0.411396 0.024109 0.021403
0 0.314230 0.417264 0.029711 0.025472
0 0.375863 0.414757 0.025289 0.027986
0 0.391430 0.438632 0.033078 0.043097
0 0.473520 0.427556 0.043758 0.049583
0 0.663152 0.476292 0.043758 0.030861
0 0.840418 0.959729 0.047195 0.068264
0 0.282738 0.782111 0.078508 0.169556
0 0.936516 0.692208 0.085641 0.076556
0 0.979398 0.580125 0.041125 0.071694
0 0.447281 0.573403 0.053781 0.065833
0 0.610254 0.474090 0.050336 0.051625
0 0.596523 0.529813 0.038641 0.048931
0 0.397578 0.657521 0.069687 0.137236
0 0.929129 0.608486 0.083602 0.075306
0 0.676910 0.580743 0.062211 0.066819
0 0.522504 0.693181 0.066523 0.116250
0 0.682719 0.721694 0.086203 0.128083
0 0.811191 0.676153 0.085023 0.082917
0 0.677297 0.962229 0.103844 0.075542
0 0.545043 0.585965 0.068445 0.095986
0 0.285828 0.642410 0.046250 0.053569
0 0.280734 0.589979 0.048797 0.060347
0 0.330172 0.548875 0.043281 0.058083
0 0.342262 0.496826 0.043711 0.041486
0 0.344383 0.468160 0.036922 0.030931
0 0.237367 0.521062 0.036453 0.048208
0 0.202297 0.479458 0.037563 0.050583
0 0.241633 0.468958 0.040016 0.028750
0 0.263676 0.449715 0.040273 0.036042
0 0.212859 0.438514 0.032875 0.029222
0 0.500473 0.483910 0.046914 0.042819
0 0.189301 0.397993 0.017805 0.019958
0 0.525355 0.433194 0.061805 0.045083
0 0.171355 0.393361 0.013148 0.014611
