0 0.211438 0.403715 0.016094 0.022014
0 0.267227 0.587076 0.047422 0.076542
0 0.521508 0.653722 0.071312 0.110250
0 0.850840 0.694007 0.089523 0.083181
0 0.340656 0.542938 0.051359 0.061986
0 0.284801 0.690958 0.060633 0.132806
0 0.409402 0.675194 0.059086 0.113833
0 0.313473 0.423340 0.028992 0.025014
0 0.363832 0.435264 0.035773 0.026361
0 0.575137 0.491153 0.048633 0.036750
0 0.668332 0.963715 0.117789 0.072569
0 0.588813 0.466618 0.057375 0.032319
0 0.176773 0.393812 0.017516 0.015403
0 0.700340 0.598917 0.066695 0.071306
0 0.226559 0.389569 0.022633 0.027667
0 0.242121 0.410632 0.030773 0.016986
0 0.266086 0.395854 0.018922 0.020125
0 0.311645 0.402035 0.026023 0.020458
0 0.373828 0.409097 0.027672 0.026778
0 0.228914 0.451382 0.039766 0.034042
0 0.265492 0.488486 0.038297 0.033167
0 0.236527 0.520771 0.035352 0.050625
0 0.424805 0.541285 0.060391 0.068958
0 0.496977 0.557868 0.052531 0.058486
0 0.977125 0.585535 0.040469 0.137653
0 0.461707 0.448465 0.025820 0.030236
0 0.447148 0.465632 0.042156 0.032736
0 0.487211 0.434326 0.035062 0.041875
0 0.246949 0.907264 0.098727 0.153556
0 0.877773 0.645674 0.082687 0.071264
0 0.774734 0.870417 0.118641 0.148306
0 0.456187 0.604014 0.051344 0.077194
0 0.715336 0.513646 0.055375 0.059792
